Dh = 4321.83; c1h = 685.12; Sph = 120; v_h = 0.00180; b_h = 1600.00;
Da = 87.83; c1a = 685.12; Spa = 4; v_a = 0.00140; b_a = 1600.00;
Ds = 99.49; c1s = 685.12; Sps = 3; v_s = 0.00075; b_s = 1600.00;
Dm = 313.25; c1m = 5566.60; Spm = 12; v_m = 0.00150; b_m = 13000.00;

max_monto = 1000000;
max_volumen_ref = 3;
max_volumen_sin = 24;
